N          0.5566801655      1.7483886618     -0.3253871301    -10.7085194201     -6.5744269316    -10.9122701208
N         -0.6127478798      1.8036474510      0.3606036192      8.3500142348     -3.2180891692     12.4868267407
C          1.5562978112      0.7836328274      0.1050874403      1.5426163341      0.8797330782     -4.5865956568
C          1.1603775735     -0.2212504239      1.0333291975      1.7425181996      1.8814100053      8.0447148724
C          2.7763133292      0.7427220953     -0.5431458311     10.0914325145     -3.4105371308      6.7689467326
C          2.0715604404     -1.2887238462      1.2762243796     -5.3041436955      0.9406785684      3.3160764383
H          0.1721469272     -0.2971839286      1.4679227239      0.1518082062     -0.2781756238     -0.0619656068
C          3.5957791012     -0.3272020434     -0.3850411651      4.8592386176     -0.3060318278      9.9323989524
H          2.8478856226      1.4817674133     -1.2594485616      0.0654631733      0.0298602336      0.3668200917
C          3.2756309723     -1.3045432619      0.5864820703     -0.7342399739      2.8205787317     11.6199266129
H          1.7586527294     -2.0431844576      1.9369011222     -0.5178473371     -0.7641658398     -0.8583354455
H          4.4985885433     -0.4909498918     -1.0304578697     -0.2134166376      0.2880135863      1.0646107669
H          3.9763056141     -2.1621945492      0.8262586054     -0.6015279780      0.4130985865     -0.3635022938
C         -1.6435507489      0.8330565122     -0.0430866764     -2.0468119494      0.3748383135     13.7563463667
C         -1.3409151474     -0.1630264582     -1.0210855745     -6.0912601457      1.3371911865     -6.9438266582
C         -2.7225465783      0.7193932537      0.7998241319     -7.3969326283      5.0099528051     -2.0175293974
C         -2.1376021587     -1.2641770303     -1.1498920872     -1.1023469026      0.9043119220     -5.6794059552
H         -0.3886909023     -0.0496551428     -1.6198822968     -0.1474557688      1.3782958864      1.9535469308
C         -3.6024265308     -0.3719575626      0.6204148822     -5.0090636378     -3.0599682674     -0.6050955794
H         -2.8237022651      1.4509434833      1.5837542975      0.1694537239      1.8201689316     -1.0110468312
C         -3.3437888279     -1.2533501959     -0.3926586621     -2.0788891744     -2.5063690226     -1.6211756867
H         -1.9355432425     -2.1765280712     -1.6671307100     -1.0734593182      0.3224664009     -0.2806950202
H         -4.4612161096     -0.4763443844      1.2059089175      0.0426645206     -0.8427376703      0.9218671527
H         -3.9619735564     -2.1349987647     -0.5068877251      0.5877845247     -0.4459950033     -0.5676971238
